name: oko_neptuna
channels:
  - anaconda
  - conda-forge
  - defaults
dependencies:
  - appdirs=1.4.4=pyh9f0ad1d_0
  - blas=1.0=mkl
  - bottleneck=1.3.7=py311hd7041d2_0
  - brotli-python=1.1.0=py311h12c1d0e_1
  - bzip2=1.0.8=h2bbff1b_5
  - ca-certificates=2024.3.11=haa95532_0
  - certifi=2024.2.2=pyhd8ed1ab_0
  - charset-normalizer=3.3.2=pyhd8ed1ab_0
  - click=8.1.7=win_pyh7428d3b_0
  - colorama=0.4.6=pyhd8ed1ab_0
  - docker-pycreds=0.4.0=py_0
  - gitdb=4.0.11=pyhd8ed1ab_0
  - gitpython=3.1.42=pyhd8ed1ab_0
  - icc_rt=2022.1.0=h6049295_2
  - idna=3.6=pyhd8ed1ab_0
  - intel-openmp=2023.1.0=h59b6b97_46320
  - joblib=1.2.0=py311haa95532_0
  - laspy=2.5.3=py311h3810d55_0
  - lazrs-python=0.5.2=py311hc37eb10_2
  - libabseil=20240116.1=cxx17_h63175ca_2
  - libffi=3.4.4=hd77b12b_0
  - libprotobuf=4.25.3=h503648d_0
  - libzlib=1.2.13=hcfcfb64_5
  - mkl=2023.1.0=h6b88ed4_46358
  - mkl-service=2.4.0=py311h2bbff1b_1
  - mkl_fft=1.3.8=py311h2bbff1b_0
  - mkl_random=1.2.4=py311h59b6b97_0
  - numexpr=2.8.7=py311h1fcbade_0
  - numpy=1.24.3=py311hdab7c0b_1
  - numpy-base=1.24.3=py311hd01c5d8_1
  - onnx=1.15.0=py311hcff3ca5_4
  - openssl=3.2.1=hcfcfb64_1
  - pandas=2.2.1=py311hea22821_0
  - pathtools=0.1.2=py_1
  - pip=23.3.1=py311haa95532_0
  - protobuf=4.25.3=py311hb041b4a_0
  - psutil=5.9.8=py311ha68e1ae_0
  - pysocks=1.7.1=pyh0701188_6
  - python=3.11.8=he1021f5_0
  - python-dateutil=2.8.2=pyhd3eb1b0_0
  - python-tzdata=2023.3=pyhd3eb1b0_0
  - python_abi=3.11=2_cp311
  - pytz=2023.3.post1=py311haa95532_0
  - pyyaml=6.0.1=py311ha68e1ae_1
  - requests=2.31.0=pyhd8ed1ab_0
  - scikit-learn=1.3.0=py311hf62ec03_0
  - scipy=1.12.0=py311h9f229c6_0
  - sentry-sdk=1.43.0=pyhd8ed1ab_0
  - setproctitle=1.3.3=py311ha68e1ae_0
  - setuptools=68.2.2=py311haa95532_0
  - six=1.16.0=pyh6c4a22f_0
  - smmap=5.0.0=pyhd8ed1ab_0
  - sqlite=3.41.2=h2bbff1b_0
  - tbb=2021.8.0=h59b6b97_0
  - threadpoolctl=2.2.0=pyh0d69192_0
  - tk=8.6.12=h2bbff1b_0
  - typing-extensions=4.10.0=hd8ed1ab_0
  - typing_extensions=4.10.0=pyha770c72_0
  - tzdata=2024a=h04d1e81_0
  - ucrt=10.0.22621.0=h57928b3_0
  - urllib3=2.2.1=pyhd8ed1ab_0
  - vc=14.2=h21ff451_1
  - vc14_runtime=14.38.33130=h82b7239_18
  - vs2015_runtime=14.38.33130=hcb4865c_18
  - wandb=0.16.3=pyhd8ed1ab_0
  - wheel=0.41.2=py311haa95532_0
  - win_inet_pton=1.1.0=pyhd8ed1ab_6
  - xz=5.4.6=h8cc25b3_0
  - yaml=0.2.5=h8ffe710_2
  - zlib=1.2.13=hcfcfb64_5
prefix: C:\Users\games\anaconda3\envs\oko_neptuna
[0m